<<<<<<< HEAD
796.723 -124.903 1.76 44 white
1529.37 418.797 1.472 36.8 white
-98.7225 754.906 1.632 40.8 white
1564.29 724.681 1.2 30 white
993.167 -116.269 1.744 43.6 white
612.549 -19.0251 2.096 52.4 white
36.9759 27.5196 2.032 50.8 white
814.055 614.51 0.96 24 white
-1934.23 -714.1 0.816 20.4 white
608.341 1378.84 1.392 34.8 white
2366.9 855.152 0.832 20.8 white
977.406 996.372 2.272 56.8 white
-48.8189 712.163 12.544 313.6 white
971.649 213.184 0.976 24.4 white
824.576 354.161 1.584 39.6 white
664.701 145.872 1.376 34.4 white
1294.26 860.891 2.112 52.8 white
1223.2 261.842 2.016 50.4 white
975.632 -417.301 1.056 26.4 white
1062.43 667.095 0.864 21.6 white
1190.63 684.429 0.928 23.2 white
2147.37 561.581 2.208 55.2 white
119.247 995.56 4.464 111.6 white
-794.036 337.61 5.456 136.4 white
122.749 652.696 2 50 white
779.053 1418.63 1.44 36 white
1517.56 802.528 0.992 24.8 white
608.245 638.093 1.728 43.2 white
311.444 1003.82 0.864 21.6 white
134.426 998.201 1.008 25.2 white
721.022 554.777 1.84 46 white
2356.91 880.165 1.6 40 white
611.971 416.583 16.928 423.2 white
977.572 522.21 0.896 22.4 white
866.081 -137.254 1.296 32.4 white
1589.01 1308.03 6.848 171.2 white
932.746 1421.87 2.352 58.8 white
2136.4 340.943 4.32 108 white
130.416 411.087 1.52 38 white
2511.84 858.353 1.136 28.4 white
451.426 356.833 1.216 30.4 white
2127.43 -36.2201 1.36 34 white
1272.7 1485.79 3.344 83.6 white
2454.5 836.355 2.24 56 white
1006.76 387.903 0.928 23.2 white
361.97 -299.098 2.432 60.8 white
2399.33 667.106 1.104 27.6 white
835.542 -61.6098 1.616 40.4 white
2634.83 84.4525 8.128 203.2 white
1151.63 976.439 2.592 64.8 white
1847.43 266.419 2.368 59.2 white
566.672 240.497 6.368 159.2 white
1101.24 1308.72 2.032 50.8 white
697.337 1099.33 5.328 133.2 white
504.97 283.658 1.376 34.4 white
1844.27 22.2762 1.216 30.4 white
928.868 473.174 1.184 29.6 white
553.701 914.404 1.904 47.6 white
864.535 643.472 1.088 27.2 white
408.09 1516.42 0.96 24 white
1673.58 910.583 1.424 35.6 white
768 432 20 16000 yellow
=======
707.469 313.631 0.648 21.6 white
838.259 495.099 0.9 30 white
966.965 122.69 1.464 48.8 white
588.061 1002.19 0.96 32 white
336.777 108.933 0.828 27.6 white
195.879 1036.29 1.188 39.6 white
741.86 442.994 0.996 33.2 white
171.299 524.562 1.392 46.4 white
501.85 193.663 1.476 49.2 white
802.858 517.845 1.284 42.8 white
1419.11 745.931 1.068 35.6 white
715.121 678.753 2.448 81.6 white
1447.16 62.3707 0.636 21.2 white
824.774 183.789 0.936 31.2 white
1854.95 137.881 1.008 33.6 white
914.05 564.719 0.816 27.2 white
1462.49 701.651 1.512 50.4 white
1261.71 150.364 1.5 50 white
78.9908 815.328 1.668 55.6 white
1168.66 975.46 0.876 29.2 white
1558.07 702.712 1.044 34.8 white
511.113 643.412 2.664 88.8 white
876.841 441.953 1.188 39.6 white
1332.21 972.002 1.164 38.8 white
1119.81 803.242 0.732 24.4 white
821.084 495.623 1.416 47.2 white
1070.88 325.038 1.08 36 white
1576.55 34.9359 0.78 26 white
294.917 462.569 1.224 40.8 white
885.837 505.781 0.972 32.4 white
510.449 374.048 1.68 56 white
1715.53 320.145 1.632 54.4 white
493.822 103.54 0.864 28.8 white
947.38 358.766 1.08 36 white
817.307 626.792 0.696 23.2 white
1271.66 734.884 1.332 44.4 white
161.493 83.2373 1.26 42 white
202.374 448.939 0.96 32 white
243.901 416.966 1.368 45.6 white
1769.54 788.448 1.068 35.6 white
157.792 808.659 0.732 24.4 white
311.747 517.967 3.108 103.6 white
380.287 492.517 1.032 34.4 white
173.541 158.266 1.248 41.6 white
473.993 745.922 0.6 20 white
951.606 704.745 0.696 23.2 white
61.9631 946.06 0.96 32 white
1395.98 990.338 0.948 31.6 white
1697.4 275.68 0.708 23.6 white
438.328 160.506 1.176 39.2 white
477.289 148.168 1.728 57.6 white
1346.56 573.644 1.776 59.2 white
601.008 302.769 1.788 59.6 white
1913.93 239.052 0.672 22.4 white
1363.51 432.404 0.732 24.4 white
648.659 995.811 1.692 56.4 white
1727.58 286.513 2.112 70.4 white
421.262 916.826 0.636 21.2 white
939.88 988.393 1.464 48.8 white
803.415 293.965 0.816 27.2 white
103.532 713.802 1.548 51.6 white
499.148 56.8883 1.548 51.6 white
41.4404 407.358 1.476 49.2 white
217.581 419.019 0.672 22.4 white
1466.47 -15.2962 1.572 52.4 white
149.434 35.0659 1.716 57.2 white
1858.06 61.6811 1.452 48.4 white
134.187 675.656 0.804 26.8 white
1671.03 790.594 1.284 42.8 white
501.578 1074.38 0.6 20 white
823.217 486.49 1.548 51.6 white
786.85 243.002 1.368 45.6 white
489.527 880.007 1.224 40.8 white
1351.56 469.925 0.9 30 white
292.776 450.9 1.704 56.8 white
1260.83 688.87 2.34 78 white
1569.61 534.035 1.308 43.6 white
585.607 1014.11 1.284 42.8 white
1193.38 211.174 0.768 25.6 white
734.676 276.28 0.72 24 white
711.609 807.426 1.26 42 white
1759.2 877.087 1.692 56.4 white
851.303 757.427 0.792 26.4 white
565.07 466.339 0.732 24.4 white
375.293 706.943 1.776 59.2 white
1737.9 1015.78 0.768 25.6 white
272.487 796.173 0.804 26.8 white
1186.23 50.6814 0.792 26.4 white
1585.37 644.434 1.056 35.2 white
1194.48 67.3499 1.608 53.6 white
1451.27 892.558 1.26 42 white
157.367 972.411 0.828 27.6 white
1844.24 788.188 1.308 43.6 white
1626.5 491.812 1.056 35.2 white
1522.9 723.882 2.928 97.6 white
807.742 116.879 0.6 20 white
1006.22 678.847 1.476 49.2 white
1123.47 111.901 0.732 24.4 white
88.2425 10.8982 0.6 20 white
943.33 301.388 1.188 39.6 white
1603.11 495.131 1.644 54.8 white
65.839 158.438 2.448 81.6 white
193.498 840.639 1.56 52 white
591.38 1017.61 1.284 42.8 white
1559.06 592.115 1.716 57.2 white
1476.35 308.669 1.704 56.8 white
1134.9 527.069 1.38 46 white
1928.33 254.315 1.14 38 white
1656.68 680.776 0.624 20.8 white
792.779 898.127 1.932 64.4 white
-38.8564 288.201 1.212 40.4 white
927.186 162.377 1.596 53.2 white
1761.57 412.076 3.588 119.6 white
39.201 926.109 1.068 35.6 white
672.341 371.529 0.708 23.6 white
804.444 1008.78 1.632 54.4 white
1278.55 251.481 0.888 29.6 white
241.945 935.93 1.032 34.4 white
1418.83 153.767 0.792 26.4 white
283.103 570.553 1.56 52 white
1850.45 531.998 0.972 32.4 white
185.177 87.4896 1.26 42 white
79.6962 370.581 1.416 47.2 white
401.654 63.3814 0.924 30.8 white
973.485 546.63 0.924 30.8 white
1385.21 1.13005 1.74 58 white
227.887 80.3132 0.624 20.8 white
1522.9 568.842 1.644 54.8 white
1788.31 72.6025 1.224 40.8 white
982.684 290.663 0.972 32.4 white
1512.58 710.385 1.284 42.8 white
1124.37 975.413 0.912 30.4 white
934.396 809.92 1.644 54.8 white
454.37 385.422 1.068 35.6 white
705.902 86.9473 1.5 50 white
805.119 631.769 0.72 24 white
561.796 876.576 0.744 24.8 white
228.333 875.985 1.644 54.8 white
1706.88 316.784 2.496 83.2 white
968.245 904.531 1.044 34.8 white
1780.72 933.089 0.66 22 white
1813.39 112.774 0.624 20.8 white
1476.74 848.301 0.744 24.8 white
1259.05 882.029 0.96 32 white
1546.49 745.849 0.792 26.4 white
1020.84 303.466 1.212 40.4 white
138.287 578.122 0.816 27.2 white
809.926 257.187 1.824 60.8 white
1702.12 908.34 1.176 39.2 white
42.3739 552.034 0.684 22.8 white
1795.18 750.037 1.14 38 white
640.681 1007.22 0.756 25.2 white
1641.52 225.355 1.236 41.2 white
188.273 279.414 0.888 29.6 white
1081.35 208.382 1.044 34.8 white
1544.08 949.747 1.656 55.2 white
421.588 501.967 3.06 102 white
327.489 969.415 0.864 28.8 white
481.909 194.717 1.26 42 white
1454.12 672.202 1.212 40.4 white
902.781 434.828 1.428 47.6 white
1895.35 410.26 1.476 49.2 white
536.005 650.222 1.152 38.4 white
1228.13 903.495 1.104 36.8 white
746.045 334.827 2.784 92.8 white
1855.89 452.085 1.2 40 white
1870.2 202.911 0.612 20.4 white
131.978 117.763 1.536 51.2 white
1721.55 1019.73 0.648 21.6 white
1380.92 839.219 1.308 43.6 white
801.36 626.472 0.888 29.6 white
145.896 689.979 2.436 81.2 white
622.71 909.727 1.416 47.2 white
1369.95 56.1045 0.648 21.6 white
706.103 1076.86 1.164 38.8 white
1692.47 901.697 0.6 20 white
296.877 826.275 1.032 34.4 white
1104.63 673.759 0.708 23.6 white
371.373 68.727 1.56 52 white
471.777 699.886 1.524 50.8 white
492.616 898.985 1.428 47.6 white
960 540 15 8000 yellow
>>>>>>> d7645c92a94da48d434a5ec42244444c2d20ebf2
